[mpeemulator]
Z1R1TR = 0.07150
Z1R2OU = 0.983723577235772
Z1R2TR = 1.0
Z1R2DL = 0.10
Z1R2MP = 0.60
