[mpeemulator]
Z1ANC = 0.401503937007875
Z1ORV = 1.0
Z1R1TR = 0.1430
Z1R2IN = 0.008130081300813
Z1R2OU = 0.008130081300813
Z1R2TR = 0.857571428571429
Z1R3IN = 0.983739837398374
Z1R3OU = 0.983739837398374
Z1R3IV = 0.0
Z1R3TR = 0.78550
Z1SUS = 1.0
Z1R1FB = 1.0
Z1R3FB = 1.0
